%%%%%%%%%%
         0    1.0000    1.0000    1.0000         0         0         0    1.0000    1.0000    1.0000
         0    1.0000    1.0000    1.0000         0         0    2.0000    1.0000    1.0000    5.0000
         0    1.3293    1.0000    1.0000         0         0    2.0000    1.0000    1.0000    5.0000
    2.0000    1.0000    2.0000    1.0000         0    1.0000    2.0000    1.0000         0    1.0000
         0    1.8280    5.0000    1.0000    1.0000    1.0000         0    1.0000         0         0
    1.0000    1.0000    2.0000         0         0         0    2.0000    1.0000         0    3.0000
         0    1.0000         0         0    5.0000    1.0000    1.0000    1.0000    1.0000         0
%%%%%%%%%%
         0    1.0000    1.0000    1.0000         0         0         0    1.0000    1.0000    1.0000
         0    1.0000         0         0         0         0    1.0000    1.4834    1.2904         0
         0    1.0000         0         0         0    1.0000    1.0000    0.9882    1.4723         0
         0    1.0000         0         0         0         0    1.0000    1.0000    0.5926         0
         0    1.0000    5.0000    1.0000         0         0         0    1.0000         0    1.0000
    2.0000    1.0000    5.0000    1.0000         0         0    1.0000    1.0000    1.0000         0
    1.0000    1.0000    5.0000         0         0         0    2.0000    1.0000         0    6.0000
%%%%%%%%%%
         0    1.0000    1.0000    1.0000         0         0         0    1.0000    1.0000    1.0000
         0    1.8244         0    1.0000         0    0.4421         0    1.0000    1.0000    1.0000
         0    1.8959         0         0         0    1.7465         0    1.0000         0    2.0000
    2.0000    1.0000    3.0000    1.0000         0         0    2.0000    1.0000    1.0000    2.0000
    2.0000    1.0000    3.0000    1.0000         0         0         0    1.0000         0         0
%%%%%%%%%%
	
TODO:
    pol samo parametre pol samo topologijo
    selekcija po ruleti

% cost=4, od cetrtine naprej, samo amplituda, po 100 iteracijah, cost4.eps
         0    1.0000    1.0000    1.0000         0         0         0    1.0000    1.0000    1.0000
         0    4.0832         0    0.5966         0    0.0106         0    1.0000    2.7946    1.0000
         0    1.0000   -3.0000    0.9935         0         0         0    0.9965         0         0
    1.0000    1.0000    1.0000         0         0         0    1.0000    1.0000    1.0000         0
    1.0000    1.0000    4.0000         0         0         0         0    1.0000         0         0
